- name: Home
  latitude: -36.8594849
  longitude: 174.7467815
  radius: 250
  icon: mdi:home

- name: FaceMe
  latitude: -36.784415
  longitude: 174.7521916
  radius: 250
  icon: mdi:briefcase-outline

- name: 135 Albert St
  latitude: -36.8498186
  longitude: 174.7603812
  radius: 250
  icon: mdi:briefcase-outline

- name: Howick
  latitude: -36.8927385
  longitude: 174.9302813
  radius: 500

- name: Hendry Ave
  latitude: -36.9214475
  longitude: 174.7617471
  radius: 500